  N levels =   46                              SST=   24.89 C

  Pressure   Temp.      Spec. humid.   O3 mr   Omega   Rad. cooling
    (mb)      (C)          (g/kg)      10**-6 (mb/hr)   (deg/day)
  -------    -----      ------------   -----   -----   ------------
   1000.0    23.451      14.707335     0.048    0.00       2.529
    975.0    21.324      14.458715     0.049    0.00       1.784
    950.0    19.302      14.344967     0.051    0.00      -0.029
    925.0    19.195      11.381990     0.052    0.00       2.458
    900.0    18.274       9.894473     0.053    0.00       1.718
    875.0    17.160       8.827263     0.055    0.00       1.446
    850.0    15.956       8.029092     0.056    0.00       1.300
    825.0    14.676       7.440928     0.057    0.00       1.216
    800.0    13.315       7.022137     0.057    0.00       1.167
    775.0    11.863       6.684999     0.058    0.00       1.154
    750.0    10.328       6.348746     0.059    0.00       1.100
    725.0     8.760       5.997359     0.060    0.00       1.125
    700.0     7.114       5.675085     0.060    0.00       1.146
    675.0     5.368       5.343468     0.061    0.00       1.157
    650.0     3.527       5.002264     0.061    0.00       1.187
    625.0     1.562       4.561996     0.062    0.00       1.183
    600.0    -0.542       3.937707     0.063    0.00       0.902
    575.0    -2.356       3.339196     0.065    0.00       1.079
    550.0    -4.230       2.781408     0.066    0.00       1.116
    525.0    -6.208       2.277385     0.068    0.00       1.145
    500.0    -8.317       1.835653     0.069    0.00       1.191
    475.0   -10.582       1.455985     0.071    0.00       1.208
    450.0   -13.048       1.134831     0.073    0.00       1.296
    425.0   -15.724       0.867488     0.075    0.00       1.337
    400.0   -18.651       0.646897     0.077    0.00       1.349
    375.0   -21.856       0.465145     0.081    0.00       1.295
    350.0   -25.399       0.304908     0.085    0.00       1.077
    325.0   -29.456       0.254380     0.091    0.00       0.928
    300.0   -34.041       0.237584     0.096    0.00       0.901
    275.0   -39.115       0.226696     0.107    0.00       0.993
    250.0   -44.549       0.161383     0.117    0.00       0.958
    225.0   -50.404       0.101919     0.135    0.00       1.045
    200.0   -56.249       0.029516     0.153    0.00       0.458
    175.0   -63.074       0.014440     0.175    0.00       0.113
    150.0   -70.848       0.007710     0.202    0.00      -0.636
    125.0   -68.270       0.006816     0.243    0.00      -0.083
    100.0   -64.075       0.001600     0.405    0.00       0.000
     80.0   -58.284       0.001280     0.755    0.00      -0.001
     60.0   -50.551       0.000960     2.042    0.00       0.000
     40.0   -40.868       0.000640     5.238    0.00       0.000
     30.0   -33.675       0.000480     8.440    0.00       0.000
     25.0   -29.688       0.000400    10.124    0.00       0.000
     20.0   -26.225       0.000320    11.773    0.00       0.000
     15.0   -22.262       0.000240    13.882    0.00       0.000
     10.0   -17.340       0.000160    13.873    0.00       0.000
      5.0    -5.088       0.000080    10.548    0.00       0.000
